0.0
0.003
0.006
0.0091
0.0121
0.0151
0.0181
0.0212
0.0242
0.0272
0.0302
0.0333
0.0363
0.0393
0.0423
0.0453
0.0484
0.0514
0.0544
0.0574
0.0605
0.0635
0.0665
0.0695
0.0726
0.0756
0.0786
0.0816
0.0846
0.0877
0.0907
0.0937
0.0967
0.0998
0.1028
0.1058
0.1088
0.1119
0.1149
0.1179
0.1209
0.1239
0.127
0.13
0.133
0.136
0.1391
0.1421
0.1451
0.1481
0.1512
0.1542
0.1572
0.1602
0.1632
0.1663
0.1693
0.1723
0.1753
0.1784
0.1814
0.1844
0.1874
0.1904
0.1935
0.1965
0.1995
0.2025
0.2056
0.2086
0.2116
0.2146
0.2177
0.2207
0.2237
0.2267
0.2297
0.2328
0.2358
0.2388
0.2418
0.2449
0.2479
0.2509
0.2539
0.257
0.26
0.263
0.266
0.269
0.2721
0.2751
0.2781
0.2811
0.2842
0.2872
0.2902
0.2932
0.2963
0.2993
0.3023
0.3053
0.3083
0.3114
0.3144
0.3174
0.3204
0.3235
0.3265
0.3295
0.3325
0.3356
0.3386
0.3416
0.3446
0.3476
0.3507
0.3537
0.3567
0.3597
0.3628
0.3658
0.3688
0.3718
0.3749
0.3779
0.3809
0.3839
0.3869
0.39
0.393
0.396
0.399
0.4021
0.4051
0.4081
0.4111
0.4142
0.4172
0.4202
0.4232
0.4262
0.4293
0.4323
0.4353
0.4383
0.4414
0.4444
0.4474
0.4504
0.4535
0.4565
0.4595
0.4625
0.4655
0.4686
0.4716
0.4746
0.4776
0.4807
0.4837
0.4867
0.4897
0.4927
0.4958
0.4988
0.5018
0.5048
0.5079
0.5109
0.5139
0.5169
0.52
0.523
0.526
0.529
0.532
0.5351
0.5381
0.5411
0.5441
0.5472
0.5502
0.5532
0.5562
0.5593
0.5623
0.5653
0.5683
0.5713
0.5744
0.5774
0.5804
0.5834
0.5865
0.5895
0.5925
0.5955
0.5986
0.6016
0.6046
0.6076
0.6106
0.6137
0.6167
0.6197
0.6227
0.6258
0.6288
0.6318
0.6348
0.6379
0.6409
0.6439
0.6469
0.6499
0.653
0.656
0.659
0.662
0.6651
0.6681
0.6711
0.6741
0.6772
0.6802
0.6832
0.6862
0.6892
0.6923
0.6953
0.6983
0.7013
0.7044
0.7074
0.7104
0.7134
0.7165
0.7195
0.7225
0.7255
0.7285
0.7316
0.7346
0.7376
0.7406
0.7437
0.7467
0.7497
0.7527
0.7558
0.7588
0.7618
0.7648
0.7678
0.7709
0.7739
0.7769
0.7799
0.783
0.786
0.789
0.792
0.795
0.7981
0.8011
0.8041
0.8071
0.8102
0.8132
0.8162
0.8192
0.8223
0.8253
0.8283
0.8313
0.8343
0.8374
0.8404
0.8434
0.8464
0.8495
0.8525
0.8555
0.8585
0.8616
0.8646
0.8676
0.8706
0.8736
0.8767
0.8797
0.8827
0.8857
0.8888
0.8918
0.8948
0.8978
0.9009
0.9039
0.9069
0.9099
0.9129
0.916
0.919
0.922
0.925
0.9281
0.9311
0.9341
0.9371
0.9402
0.9432
0.9462
0.9492
0.9522
0.9553
0.9583
0.9613
0.9643
0.9674
0.9704
0.9734
0.9764
0.9795
0.9825
0.9855
0.9885
0.9915
0.9946
0.9976
1.0006
1.0036
1.0067
1.0097
1.0127
1.0157
1.0188
1.0218
1.0248
1.0278
1.0308
1.0339
1.0369
1.0399
1.0429
1.046
1.049
1.052
1.055
1.0581
1.0611
1.0641
1.0671
1.0701
1.0732
1.0762
1.0792
1.0822
1.0853
1.0883
1.0913
1.0943
1.0973
1.1004
1.1034
1.1064
1.1094
1.1125
1.1155
1.1185
1.1215
1.1246
1.1276
1.1306
1.1336
1.1366
1.1397
1.1427
1.1457
1.1487
1.1518
1.1548
1.1578
1.1608
1.1639
1.1669
1.1699
1.1729
1.1759
1.179
1.182
1.185
1.188
1.1911
1.1941
1.1971
1.2001
1.2032
1.2062
1.2092
1.2122
1.2152
1.2183
1.2213
1.2243
1.2273
1.2304
1.2334
1.2364
1.2394
1.2425
1.2455
1.2485
1.2515
1.2545
1.2576
1.2606
1.2636
1.2666
1.2697
1.2727
1.2757
1.2787
1.2818
1.2848
1.2878
1.2908
1.2938
1.2969
1.2999
1.3029
1.3059
1.309
1.312
1.315
1.318
1.3211
1.3241
1.3271
1.3301
1.3331
1.3362
1.3392
1.3422
1.3452
1.3483
1.3513
1.3543
1.3573
1.3604
1.3634
1.3664
1.3694
1.3724
1.3755
1.3785
1.3815
1.3845
1.3876
1.3906
1.3936
1.3966
1.3996
1.4027
1.4057
1.4087
1.4117
1.4148
1.4178
1.4208
1.4238
1.4269
1.4299
1.4329
1.4359
1.4389
1.442
1.445
1.448
1.451
1.4541
1.4571
1.4601
1.4631
1.4662
1.4692
1.4722
1.4752
1.4782
1.4813
1.4843
1.4873
1.4903
1.4934
1.4964
1.4994
1.5024
1.5055
1.5085
