9
7
17
36
3
9
53
2
9
6
58
2
2
17
5
3
49
63
63
13
35
8
5
3
24
4
19
6
12
13
12
6
76
56
31
64
23
25
11
14
13
37
23
3
23
11
12
21
21
21
29
71
1
11
3
31
10
14
15
59
10
43
5
21
8
25
28
6
8
46
57
19
5
7
3
15
18
12
21
30
7
16
56
37
49
11
26
35
6
32
11
14
8
8
1
24
4
7
69
37
17
22
1
24
31
4
7
14
1
7
3
3
54
2
40
69
2
3
4
13
1
6
1
6
2
-1
13
8
8
1
21
7
5
16
1
9
4
10
25
31
17
5
12
14
18
5
29
6
46
33
42
12
4
14
4
6
46
25
34
23
7
1
8
17
1
45
4
10
63
6
5
30
20
23
8
5
14
31
12
50
52
100
6
12
20
5
5
7
8
16
6
4
89
52
40
11
21
76
10
6
6
19
10
7
1
67
53
14
28
26
4
10
9
21
14
23
9
2
26
45
59
16
10
42
8
30
10
23
6
2
2
42
3
10
8
41
2
13
2
4
3
22
6
1
12
12
9
29
18
4
3
56
2
15
10
32
1
1
5
8
51
11
19
38
9
30
3
32
10
57
22
1
13
5
5
14
45
10
40
29
1
8
5
14
18
39
3
13
9
1
1
25
5
23
16
33
4
18
4
7
43
31
1
7
9
11
90
11
18
15
18
12
4
50
9
27
10
47
13
14
19
8
3
11
2
2
2
15
6
6
2
2
4
10
1
1
43
8
3
6
12
18
45
19
25
30
23
3
4
84
44
30
1
17
1
16
40
33
13
44
40
5
9
30
18
44
24
3
4
14
46
20
46
24
6
1
26
19
7
3
8
26
37
19
14
46
49
8
7
21
-1
6
20
10
4
2
1
85
32
51
9
